125 |> 14221 ( 7603 )
126 |> 14474 ( 7755 )
127 |> 14681 ( 7619 )
128 |> 14927 ( 7766 )
129 |> 15153 ( 7627 )
130 |> 15388 ( 7770 )
131 |> 15626 ( 7627 )
132 |> 15861 ( 7770 )


254 |> 58246 ( 7605 )
255 |> 58833 ( 7752 )
256 |> 59212 ( 7615 )
257 |> 59727 ( 7762 )
258 |> 60148 ( 7623 )
259 |> 60644 ( 7768 )
260 |> 61099 ( 7627 )
261 |> 61570 ( 7770 )
262 |> 62045 ( 7627 )
263 |> 62512 ( 7770 )


387 |> 134997 ( 7621 )
388 |> 135774 ( 7766 )
389 |> 136409 ( 7625 )
390 |> 137155 ( 7769 )
391 |> 137839 ( 7627 )
392 |> 138546 ( 7770 )
393 |> 139258 ( 7627 )
394 |> 139957 ( 7770 )




630136034607721 Too High



131 131
65 |>
  TOTAL: 3893
  MIN X: 0
  MAX X: 130
  MIN Y: 0
  MAX Y: 130
196 |>
  TOTAL: 34785
  MIN X: -131
  MAX X: 261
  MIN Y: -131
  MAX Y: 261
327 |>
  TOTAL: 96471
  MIN X: -262
  MAX X: 392
  MIN Y: -262
  MAX Y: 392
458 |>
  TOTAL: 188951
  MIN X: -393
  MAX X: 523
  MIN Y: -393
  MAX Y: 523
589 |>
  TOTAL: 312225
  MIN X: -524
  MAX X: 654
  MIN Y: -524
  MAX Y: 654
720 |>
  TOTAL: 466293
  MIN X: -655
  MAX X: 785
  MIN Y: -655
  MAX Y: 785
851 |>
  TOTAL: 651155
  MIN X: -786
  MAX X: 916
  MIN Y: -786
  MAX Y: 916



  65 |>
  TOTAL: 3893
  MIN X: 0
  MAX X: 130
  MIN Y: 0
  MAX Y: 130
--- GRID ---
 3893


196 |>
  TOTAL: 34785
  MIN X: -131
  MAX X: 261
  MIN Y: -131
  MAX Y: 261
--- GRID ---
 1000  5788   995
 5765  7770  5755
  980  5732  1000


327 |>
  TOTAL: 96471
  MIN X: -262
  MAX X: 392
  MIN Y: -262
  MAX Y: 392
--- GRID ---
    0  1000  5788   995     0
 1000  6709  7770  6706   995
 5765  7770  7627  7770  5755
  980  6683  7770  6676  1000
    0   980  5732  1000     0


458 |>
  TOTAL: 188951
  MIN X: -393
  MAX X: 523
  MIN Y: -393
  MAX Y: 523
--- GRID ---
    0     0  1000  5788   995     0     0
    0  1000  6709  7770  6706   995     0
 1000  6709  7770  7627  7770  6706   995
 5765  7770  7627  7770  7627  7770  5755
  980  6683  7770  7627  7770  6676  1000
    0   980  6683  7770  6676  1000     0
    0     0   980  5732  1000     0     0


589 |>
  TOTAL: 312225
  MIN X: -524
  MAX X: 654
  MIN Y: -524
  MAX Y: 654
--- GRID ---
    0     0     0  1000  5788   995     0     0     0
    0     0  1000  6709  7770  6706   995     0     0
    0  1000  6709  7770  7627  7770  6706   995     0
 1000  6709  7770  7627  7770  7627  7770  6706   995
 5765  7770  7627  7770  7627  7770  7627  7770  5755
  980  6683  7770  7627  7770  7627  7770  6676  1000
    0   980  6683  7770  7627  7770  6676  1000     0
    0     0   980  6683  7770  6676  1000     0     0
    0     0     0   980  5732  1000     0     0     0


720 |>
  TOTAL: 466293
  MIN X: -655
  MAX X: 785
  MIN Y: -655
  MAX Y: 785
--- GRID ---
    0     0     0     0  1000  5788   995     0     0     0     0
    0     0     0  1000  6709  7770  6706   995     0     0     0
    0     0  1000  6709  7770  7627  7770  6706   995     0     0
    0  1000  6709  7770  7627  7770  7627  7770  6706   995     0
 1000  6709  7770  7627  7770  7627  7770  7627  7770  6706   995
 5765  7770  7627  7770  7627  7770  7627  7770  7627  7770  5755
  980  6683  7770  7627  7770  7627  7770  7627  7770  6676  1000
    0   980  6683  7770  7627  7770  7627  7770  6676  1000     0
    0     0   980  6683  7770  7627  7770  6676  1000     0     0
    0     0     0   980  6683  7770  6676  1000     0     0     0
    0     0     0     0   980  5732  1000     0     0     0     0

-4 -> 5
-3 -> 7
-2 -> 9
-1 -> 11


851 |>
  TOTAL: 651155
  MIN X: -786
  MAX X: 916
  MIN Y: -786
  MAX Y: 916
--- GRID ---
    0     0     0     0     0  1000  5788   995     0     0     0     0     0
    0     0     0     0  1000  6709  7770  6706   995     0     0     0     0
    0     0     0  1000  6709  7770  7627  7770  6706   995     0     0     0
    0     0  1000  6709  7770  7627  7770  7627  7770  6706   995     0     0
    0  1000  6709  7770  7627  7770  7627  7770  7627  7770  6706   995     0
 1000  6709  7770  7627  7770  7627  7770  7627  7770  7627  7770  6706   995
 5765  7770  7627  7770  7627  7770  7627  7770  7627  7770  7627  7770  5755
  980  6683  7770  7627  7770  7627  7770  7627  7770  7627  7770  6676  1000
    0   980  6683  7770  7627  7770  7627  7770  7627  7770  6676  1000     0
    0     0   980  6683  7770  7627  7770  7627  7770  6676  1000     0     0
    0     0     0   980  6683  7770  7627  7770  6676  1000     0     0     0
    0     0     0     0   980  6683  7770  6676  1000     0     0     0     0
    0     0     0     0     0   980  5732  1000     0     0     0     0     0


982 |>
  TOTAL: 866811
  MIN X: -917
  MAX X: 1047
  MIN Y: -917
  MAX Y: 1047
--- GRID ---
    0     0     0     0     0     0  1000  5788   995     0     0     0     0     0     0
    0     0     0     0     0  1000  6709  7770  6706   995     0     0     0     0     0
    0     0     0     0  1000  6709  7770  7627  7770  6706   995     0     0     0     0
    0     0     0  1000  6709  7770  7627  7770  7627  7770  6706   995     0     0     0
    0     0  1000  6709  7770  7627  7770  7627  7770  7627  7770  6706   995     0     0
    0  1000  6709  7770  7627  7770  7627  7770  7627  7770  7627  7770  6706   995     0
 1000  6709  7770  7627  7770  7627  7770  7627  7770  7627  7770  7627  7770  6706   995
 5765  7770  7627  7770  7627  7770  7627  7770  7627  7770  7627  7770  7627  7770  5755
  980  6683  7770  7627  7770  7627  7770  7627  7770  7627  7770  7627  7770  6676  1000
    0   980  6683  7770  7627  7770  7627  7770  7627  7770  7627  7770  6676  1000     0
    0     0   980  6683  7770  7627  7770  7627  7770  7627  7770  6676  1000     0     0
    0     0     0   980  6683  7770  7627  7770  7627  7770  6676  1000     0     0     0
    0     0     0     0   980  6683  7770  7627  7770  6676  1000     0     0     0     0
    0     0     0     0     0   980  6683  7770  6676  1000     0     0     0     0     0
    0     0     0     0     0     0   980  5732  1000     0     0     0     0     0     0


1113 |>
  TOTAL: 1113261
  MIN X: -1048
  MAX X: 1178
  MIN Y: -1048
  MAX Y: 1178
--- GRID ---
    0     0     0     0     0     0     0  1000  5788   995     0     0     0     0     0     0     0
    0     0     0     0     0     0  1000  6709  7770  6706   995     0     0     0     0     0     0
    0     0     0     0     0  1000  6709  7770  7627  7770  6706   995     0     0     0     0     0
    0     0     0     0  1000  6709  7770  7627  7770  7627  7770  6706   995     0     0     0     0
    0     0     0  1000  6709  7770  7627  7770  7627  7770  7627  7770  6706   995     0     0     0
    0     0  1000  6709  7770  7627  7770  7627  7770  7627  7770  7627  7770  6706   995     0     0
    0  1000  6709  7770  7627  7770  7627  7770  7627  7770  7627  7770  7627  7770  6706   995     0
 1000  6709  7770  7627  7770  7627  7770  7627  7770  7627  7770  7627  7770  7627  7770  6706   995
 5765  7770  7627  7770  7627  7770  7627  7770  7627  7770  7627  7770  7627  7770  7627  7770  5755
  980  6683  7770  7627  7770  7627  7770  7627  7770  7627  7770  7627  7770  7627  7770  6676  1000
    0   980  6683  7770  7627  7770  7627  7770  7627  7770  7627  7770  7627  7770  6676  1000     0
    0     0   980  6683  7770  7627  7770  7627  7770  7627  7770  7627  7770  6676  1000     0     0
    0     0     0   980  6683  7770  7627  7770  7627  7770  7627  7770  6676  1000     0     0     0
    0     0     0     0   980  6683  7770  7627  7770  7627  7770  6676  1000     0     0     0     0
    0     0     0     0     0   980  6683  7770  7627  7770  6676  1000     0     0     0     0     0
    0     0     0     0     0     0   980  6683  7770  6676  1000     0     0     0     0     0     0
    0     0     0     0     0     0     0   980  5732  1000     0     0     0     0     0     0     0


1244 |>
  TOTAL: 1390505
  MIN X: -1179
  MAX X: 1309
  MIN Y: -1179
  MAX Y: 1309
--- GRID ---
    0     0     0     0     0     0     0     0  1000  5788   995     0     0     0     0     0     0     0     0
    0     0     0     0     0     0     0  1000  6709  7770  6706   995     0     0     0     0     0     0     0
    0     0     0     0     0     0  1000  6709  7770  7627  7770  6706   995     0     0     0     0     0     0
    0     0     0     0     0  1000  6709  7770  7627  7770  7627  7770  6706   995     0     0     0     0     0
    0     0     0     0  1000  6709  7770  7627  7770  7627  7770  7627  7770  6706   995     0     0     0     0
    0     0     0  1000  6709  7770  7627  7770  7627  7770  7627  7770  7627  7770  6706   995     0     0     0
    0     0  1000  6709  7770  7627  7770  7627  7770  7627  7770  7627  7770  7627  7770  6706   995     0     0
    0  1000  6709  7770  7627  7770  7627  7770  7627  7770  7627  7770  7627  7770  7627  7770  6706   995     0
 1000  6709  7770  7627  7770  7627  7770  7627  7770  7627  7770  7627  7770  7627  7770  7627  7770  6706   995
 5765  7770  7627  7770  7627  7770  7627  7770  7627  7770  7627  7770  7627  7770  7627  7770  7627  7770  5755
  980  6683  7770  7627  7770  7627  7770  7627  7770  7627  7770  7627  7770  7627  7770  7627  7770  6676  1000
    0   980  6683  7770  7627  7770  7627  7770  7627  7770  7627  7770  7627  7770  7627  7770  6676  1000     0
    0     0   980  6683  7770  7627  7770  7627  7770  7627  7770  7627  7770  7627  7770  6676  1000     0     0
    0     0     0   980  6683  7770  7627  7770  7627  7770  7627  7770  7627  7770  6676  1000     0     0     0
    0     0     0     0   980  6683  7770  7627  7770  7627  7770  7627  7770  6676  1000     0     0     0     0
    0     0     0     0     0   980  6683  7770  7627  7770  7627  7770  6676  1000     0     0     0     0     0
    0     0     0     0     0     0   980  6683  7770  7627  7770  6676  1000     0     0     0     0     0     0
    0     0     0     0     0     0     0   980  6683  7770  6676  1000     0     0     0     0     0     0     0
    0     0     0     0     0     0     0     0   980  5732  1000     0     0     0     0     0     0     0     0


1375 |>
  TOTAL: 1698543
  MIN X: -1310
  MAX X: 1440
  MIN Y: -1310
  MAX Y: 1440
--- GRID ---
    0     0     0     0     0     0     0     0     0  1000  5788   995     0     0     0     0     0     0     0     0     0
    0     0     0     0     0     0     0     0  1000  6709  7770  6706   995     0     0     0     0     0     0     0     0
    0     0     0     0     0     0     0  1000  6709  7770  7627  7770  6706   995     0     0     0     0     0     0     0
    0     0     0     0     0     0  1000  6709  7770  7627  7770  7627  7770  6706   995     0     0     0     0     0     0
    0     0     0     0     0  1000  6709  7770  7627  7770  7627  7770  7627  7770  6706   995     0     0     0     0     0
    0     0     0     0  1000  6709  7770  7627  7770  7627  7770  7627  7770  7627  7770  6706   995     0     0     0     0
    0     0     0  1000  6709  7770  7627  7770  7627  7770  7627  7770  7627  7770  7627  7770  6706   995     0     0     0
    0     0  1000  6709  7770  7627  7770  7627  7770  7627  7770  7627  7770  7627  7770  7627  7770  6706   995     0     0
    0  1000  6709  7770  7627  7770  7627  7770  7627  7770  7627  7770  7627  7770  7627  7770  7627  7770  6706   995     0
 1000  6709  7770  7627  7770  7627  7770  7627  7770  7627  7770  7627  7770  7627  7770  7627  7770  7627  7770  6706   995
 5765  7770  7627  7770  7627  7770  7627  7770  7627  7770  7627  7770  7627  7770  7627  7770  7627  7770  7627  7770  5755
  980  6683  7770  7627  7770  7627  7770  7627  7770  7627  7770  7627  7770  7627  7770  7627  7770  7627  7770  6676  1000
    0   980  6683  7770  7627  7770  7627  7770  7627  7770  7627  7770  7627  7770  7627  7770  7627  7770  6676  1000     0
    0     0   980  6683  7770  7627  7770  7627  7770  7627  7770  7627  7770  7627  7770  7627  7770  6676  1000     0     0
    0     0     0   980  6683  7770  7627  7770  7627  7770  7627  7770  7627  7770  7627  7770  6676  1000     0     0     0
    0     0     0     0   980  6683  7770  7627  7770  7627  7770  7627  7770  7627  7770  6676  1000     0     0     0     0
    0     0     0     0     0   980  6683  7770  7627  7770  7627  7770  7627  7770  6676  1000     0     0     0     0     0
    0     0     0     0     0     0   980  6683  7770  7627  7770  7627  7770  6676  1000     0     0     0     0     0     0
    0     0     0     0     0     0     0   980  6683  7770  7627  7770  6676  1000     0     0     0     0     0     0     0
    0     0     0     0     0     0     0     0   980  6683  7770  6676  1000     0     0     0     0     0     0     0     0
    0     0     0     0     0     0     0     0     0   980  5732  1000     0     0     0     0     0     0     0     0     0




630129824772393
